 Here is the SVG converted to a React component:

```jsx
import React from 'react';

function SvgComponent() {
  return (
    <svg xmlns="http://www.w3.org/2000/svg" viewBox="0 0 1648 1271">
      <path
        fill="#3b1d44"
        d="M 855.81 1054.56 C 839.75 1069.73 823.42 1081.03 801.25 1083.50 C 772.30 1086.72 743.78 1074.83 717.11 1065.31 C 709.52 1062.61 703.11 1061.54 695.75 1062.75 Q 689.71 1063.75 669.48 1068.14 Q 612.76 1080.45 555.25 1088.23 C 504.62 1095.07 457.36 1084.88 407.62 1070.56 Q 370.03 1059.74 333.95 1044.53 Q 322.40 1039.66 310.50 1035.75 C 301.13 1032.67 291.35 1028.21 285.07 1019.73 Q 283.66 1017.83 280.29 1010.75 Q 276.74 1003.33 271.81 997.69 C 257.10 980.86 246.69 963.75 238.17 943.47 Q 199.14 850.58 166.00 749.00 Q 156.77 720.69 151.77 702.86 C 137.36 651.35 153.67 598.55 179.50 553.58 Q 219.21 484.46 270.32 423.03 Q 271.76 421.29 271.75 419.04 C 271.65 403.31 279.63 393.97 294.26 389.86 Q 299.28 388.45 303.69 383.69 Q 345.44 338.53 403.24 282.99 Q 456.70 231.62 511.20 181.35 Q 520.92 172.38 526.44 168.42 C 560.05 144.32 603.96 139.97 645.00 139.99 Q 677.37 140.00 709.75 140.00 C 712.78 140.00 716.81 140.48 720.75 140.50 Q 736.28 140.58 751.82 140.74 C 753.14 140.75 754.69 141.25 756.50 141.25 C 764.84 141.25 773.20 141.19 781.49 141.44 Q 880.21 144.42 978.80 150.15 Q 978.86 150.16 990.71 150.75 Q 1099.39 156.19 1180.37 226.76 C 1251.03 288.33 1317.11 359.41 1375.59 432.61 C 1396.22 458.41 1413.06 486.40 1424.69 516.81 C 1432.79 538.01 1438.14 560.68 1442.82 583.54 Q 1454.54 640.84 1457.76 699.26 C 1458.87 719.28 1459.71 738.60 1458.29 758.48 C 1454.82 807.26 1426.60 852.94 1394.81 888.81 Q 1386.55 898.14 1379.97 909.36 C 1376.24 915.71 1371.80 919.27 1365.56 922.56 Q 1363.15 923.83 1357.19 930.44 C 1331.31 959.13 1309.86 984.42 1280.55 1004.50 Q 1205.77 1055.73 1113.93 1038.34 Q 968.15 1010.75 941.00 1005.50 C 919.05 1001.26 899.37 1015.68 883.95 1029.22 Q 865.12 1045.77 855.81 1054.56 Z M 904.62 224.36 C 979.74 251.17 1054.65 277.70 1129.87 304.47 A 2.32 2.32 -59.4 0 0 1132.39 303.82 Q 1142.78 292.10 1157.20 289.18 A 1.69 1.68 -88.6 0 0 1158.50 287.94 Q 1162.72 270.88 1166.81 253.55 C 1167.91 248.91 1167.65 249.12 1164.00 245.71 C 1117.56 202.33 1057.49 181.09 994.77 176.81 Q 847.55 166.76 700.00 165.10 Q 699.97 165.10 680.01 164.74 Q 636.59 163.94 592.07 169.20 A 1.52 1.51 89.5 0 0 590.74 170.56 C 590.67 171.19 819.75 207.20 840.67 210.49 Q 842.48 210.77 843.43 209.20 C 860.82 180.29 899.16 189.44 903.31 222.73 A 1.99 1.99 6.2 0 0 904.62 224.36 Z M 611.93 380.44 Q 621.77 382.94 632.73 387.87 A 1.53 1.51 -51.2 0 0 634.26 387.69 Q 716.24 326.07 798.09 263.60 Q 815.60 250.22 833.32 237.11 C 835.79 235.28 838.03 233.63 839.40 230.99 Q 840.61 228.65 838.01 228.25 L 584.91 189.41 A 1.22 1.22 -85.3 0 0 583.50 190.61 Q 583.39 204.99 571.30 213.08 C 567.58 215.57 567.74 215.30 569.01 220.13 Q 588.92 296.43 609.02 372.67 C 609.51 374.55 609.32 377.85 611.10 379.94 A 1.79 1.43 -7.6 0 0 611.93 380.44 Z M 522.20 204.93 C 452.65 267.18 385.35 332.12 320.56 399.31 C 318.49 401.46 318.26 402.52 319.50 405.43 C 323.89 415.72 320.71 423.26 314.56 431.82 Q 313.53 433.25 314.56 434.68 Q 349.49 483.39 386.17 530.80 C 389.49 535.09 396.56 544.69 401.20 547.01 Q 403.03 547.92 403.79 546.01 Q 467.14 385.01 528.02 223.84 C 531.04 215.84 533.97 210.28 526.95 204.77 Q 524.51 202.86 522.20 204.93 Z M 532.08 262.10 Q 477.44 405.00 421.69 547.48 Q 420.86 549.60 420.31 551.82 Q 419.89 553.50 421.43 552.69 Q 424.08 551.29 426.43 549.46 Q 504.01 489.03 580.51 429.38 Q 582.48 427.85 581.62 425.51 C 575.38 408.41 580.46 396.05 593.76 385.38 A 1.41 1.39 63.2 0 0 594.23 383.92 Q 575.43 315.10 557.36 246.01 C 555.43 238.62 553.61 230.30 550.68 222.55 Q 549.59 219.66 548.25 222.44 C 542.01 235.40 537.22 248.67 532.08 262.10 Z M 1125.91 321.83 Q 1124.96 321.18 1123.87 320.79 C 1050.17 294.53 976.16 269.05 902.56 242.46 C 899.05 241.19 898.46 240.65 896.27 244.20 Q 890.52 253.49 877.54 254.97 A 2.36 2.35 2.6 0 0 875.51 256.82 Q 849.30 381.04 823.12 505.53 Q 822.27 509.60 825.92 508.13 Q 833.51 505.06 840.46 500.72 Q 982.70 411.68 1125.80 324.05 Q 1127.56 322.97 1125.91 321.83 Z M 439.68 563.00 Q 608.12 543.36 776.52 523.41 C 779.78 523.